Star 2.0 red 1.98892e+30 535759.1508149541 26183.68534921743 0.5415009733852767 0.03898146504961719
Planet 2.0 orange 3.302e+23 -2991426375.705237 57896296260.81151 -47818.80086744038 -2423.8784731109076
Planet 5.0 blue 4.869e+24 87105002972.71373 64218624594.35698 -20784.79320938554 28189.939975238445
Planet 5.0 green 5.974e+24 138322488916.1791 56944829517.98975 -11349.803119323566 27516.27921023132
Planet 3.0 red 6.419e+23 223038465243.93124 47027475864.11955 -4978.455365873772 23611.04328356094
Planet 20.0 yellow 1.899e+27 777988334496.544 25651779480.37126 -429.7932827168825 13062.916341560138
Planet 15.0 white 5.685e+26 1429274315564.6611 18981658732.137783 -128.1167134370525 9669.156656389732
Star 2.0 red 1.98892e+30 1577154734.1162798 1598999395.1760268 9.317891016162976 24.59222808365888
Planet 2.0 orange 3.302e+23 81883109134.21815 -79006001162.9845 23793.283242421312 24192.099950705677
Planet 5.0 blue 4.869e+24 -123438702056.60104 -51195722941.89029 11912.45213948443 -28863.883153754065
Planet 5.0 green 5.974e+24 -162473597894.4713 21657079037.332966 -3592.384143141994 -28121.02904406866
Planet 3.0 red 6.419e+23 -232966242690.32214 -18863838094.58965 1996.8083706992486 -23637.852160804097
Planet 20.0 yellow 1.899e+27 -650810072323.9347 428683978489.09454 -7142.261392909315 -10891.798839234158
Planet 15.0 white 5.685e+26 733819535205.4205 1230182866068.6978 -8273.140797043787 4981.768698972782
Planet 8.0 gray 8.685e+25 2684587469116.2817 1022656716731.5437 -2412.2524307738327 6397.447567490255
Planet 7.0 blue 1.024e+26 4421756159942.054 832719104133.3934 -998.8268360891539 5387.123148788372
